image_width: 640
image_height: 480
camera_name: abko_webcam
camera_matrix:
  rows: 3
  cols: 3
  data: [653.387287268639, 0.0, 352.27197740499236, 0.0, 656.8623547773228, 280.59745461559703,
    0.0, 0.0, 1.0]
distortion_model: plumb_bob
distortion_coefficients:
  rows: 1
  cols: 5
  data: [-0.07468905218753513, -0.4065157422998352, 0.0012011395336194112, -0.0002102432841758208,
    0.36300941879686166]
rectification_matrix:
  rows: 3
  cols: 3
  data: [1.0, 0.0, 0.0, 0.0, 1.0, 0.0, 0.0, 0.0, 1.0]
projection_matrix:
  rows: 3
  cols: 4
  data: [653.387287268639, 0.0, 352.27197740499236, 0.0, 0.0, 656.8623547773228, 280.59745461559703,
    0.0, 0.0, 0.0, 1.0, 0.0]
